
               6; 7;                   13;                     19; 20
               6; 7;                   13;                     19; 20
               6; 7;                   13;                     19; 20
               6; 7;                   13;                     19; 20
            5; 6; 7;                   13;                     19; 20
   2; 3; 4; 5; 6; 7; 8; 9; 10; 11; 12; 13; 14;             18; 19; 20
1; 2; 3; 4; 5; 6; 7; 8; 9; 10; 11; 12; 13; 14; 15; 16; 17; 18; 19; 20; 21; 22; 23; 24
1;                   8; 9; 10; 11; 12; 13; 14; 15; 16; 17; 18; 19; 20; 21; 22; 23
1;                   8; 9;                             17
                     8; 9;                             17
                     8; 9;                             17
                     8; 9;                             17
                     8; 9;                             17
1;                   8; 9; 10; 11; 12; 13; 14; 15; 16; 17
1;                   8; 9; 10; 11; 12; 13; 14; 15; 16; 17; 18; 19; 20; 21; 22; 23
1; 2; 3; 4; 5; 6; 7; 8; 9;                         16; 17; 18; 19; 20; 21; 22; 23
   2; 3; 4; 5; 6; 7; 8; 9;                         16; 17; 18
                  7; 8; 9;                         16; 17; 18
                  7; 8;                            16; 17; 18
                  7; 8;                            16; 17; 18
                  7; 8;                            16; 17; 18
                  7; 8;                            16; 17; 18
                  7
